Date: 2024-06-24 16:39:36.936678
Date: 2024-06-24 16:39:47.135086
Date: 2024-06-25 16:41:47.949302
